 -1.0460370126753296
 -1.0551789403305996
 -1.0819134564842632
 -1.0475622743012978
 -1.0423434547419472
 -1.0246486837999906
 -1.0133742942515815
 -1.0056293315418183
 -1.006299196800612
 -1.01863177707236
 -1.0357026764057384
 -1.0583747938128443
 -1.0803746144398025
 -1.1089038436231637
 -1.180759470515836
 -1.2488832204561455
 -1.3184842011280418
 -1.3771166348172506
 -1.4901587409092794
 -1.5651983767486146
 -1.6406137265207823
 -1.6889856975070556
 -1.7548819206067308
 -1.7771829422951315
 -1.8051420389267152
 -1.8224515453678243
 -1.8040908445185313
 -1.7550322603013664
 -1.699787313286148
 -1.6458857041649964
 -1.5734770159077245
 -1.482063444137789
 -1.415320548942757
 -1.3559238458857843
 -1.2631005280819014
 -1.213127076456289
 -1.1581620547616145
 -1.1086977301588252
 -1.0556669954664093
 -1.0432017666130073
 -1.0552329584853162
 -1.051601995503993
 -1.051601995503993
 -1.0470895840415546
 -1.042647998575333
 -1.0458560210108525
 -1.0603493495209604
 -1.0477430506111862
 -1.0437430145573914
 -1.0334368294348042
 -1.0251282700527111
 -0.7902338587311302
 -0.774111515324668
