 -0.9377922311147958
 -0.8064240131913013
 -1.1460077676187579
 -0.9971437399045009
 -1.2346478546017803
 -1.0179158904250982
 -1.1661201771352212
 -0.8760995170540151
 -1.2721588905419787
 -0.8782204781615257
 -0.9901636117583283
 -1.0596790862537013
 -0.8176962080906895
 -1.206361988888652
 -1.0744791716304616
 -1.0728279089607178
 -1.174611560186055
 -1.3205814656766488
 -1.5051944282836889
 -1.6419573464050967
 -1.7047575850789634
 -1.8004603079572532
 -1.5761395041399096
 -1.8561449569538473
 -1.9367139320613371
 -1.7555623800821392
 -1.645316697204623
 -1.6021569730576597
 -1.4876389978877533
 -1.6950220887815768
 -1.6684187137122795
 -1.451241372804884
 -1.5552882905540755
 -1.3115524774780536
 -1.2746592663424634
 -1.0585393129061265
 -1.3786786637547457
 -1.1104960794641223
 -1.0133492708852747
 -0.7827545465721958
 -1.1403636014248848
 -1.2264861652168682
 -1.1052096173555017
 -1.0923142512340396
 -1.2500236498473545
 -1.122105108098334
 -1.1856495482096585
 -1.1519907655994925
 -1.006255216229167
 -1.0804211706522848
 -0.4929304324641591
 -0.867392314392378
 -0.7408236642250171
